% Load diurnal parameters from MB16.
% 
% Reference:
%    Morak?Bozzo, S., Merchant, C. J., Kent, E. C., Berry, D. I., & Carella, G. (2016). 
%    Climatological diurnal variability in sea surface temperature characterized 
%    from drifting buoy data. Geoscience Data Journal, 3(1), 20-28.

function [fit_coeffs,u_avg] = DIURNAL_function_morak_DA_coefficient


    u_avg = [       
           NaN       NaN       NaN       NaN       NaN
        6.2217    6.6121    8.6508    5.7672    6.6431
        7.4348    7.6413    7.6501    7.8218    7.6009
        7.7212    7.8548    7.8201    7.8638    7.8231
        7.6025    7.7042    7.7971    7.7532    7.7148
        7.2370    7.3991    7.5483    7.4170    7.4144
        7.1229    7.1903    7.2385    7.1698    7.1870
        6.6162    7.0503    7.2813    7.1415    7.1439
        6.4288    5.7558    7.0511    6.9701    6.9765
        6.9304    7.0468    7.0979    6.9523    7.0644
        7.3064    7.1685    7.2238    7.1616    7.2223
        7.2989    7.1491    7.1505    7.2075    7.1994
        7.5899    7.3779    7.1075    7.3273    7.3913
        7.7499    7.4799    7.2241    7.5292    7.5247
        7.8348    7.5744    7.3337    7.7111    7.6379
        7.7724    7.5504    7.2290    7.7499    7.6082
        7.5671    7.3285    7.0919    7.3864    7.3539
        6.6995    6.3077    6.2771    6.5025    6.9570]';
    

    fit_coeffs(:,:,1) = [
           NaN   NaN   NaN   NaN   NaN
           NaN   NaN   NaN   NaN   NaN
           NaN   NaN   NaN   NaN   NaN
           NaN   NaN   NaN   NaN   NaN
           NaN   NaN   NaN   NaN   NaN
           NaN   NaN   NaN   NaN   NaN
           NaN   NaN   NaN   NaN   NaN
           NaN   NaN   NaN   NaN   NaN
           NaN   NaN   NaN   NaN   NaN
           NaN   NaN   NaN   NaN   NaN
           NaN   NaN   NaN   NaN   NaN
           NaN   NaN   NaN   NaN   NaN
           NaN   NaN   NaN   NaN   NaN
           NaN   NaN   NaN   NaN   NaN];

    fit_coeffs(:,:,2) = [
       0.074750699102879   0.060141798108816   1.091255784034729  -0.216054767370224   0.295224487781525
      -0.068142235279083  -0.001288697822019  -0.060664501041174   0.003941650036722   0.004419782664627
       0.435622930526733  -0.067364737391472  -0.897015035152435   0.181731864809990  -0.471282839775085
      -0.006277384236455  -0.004996637348086  -0.090938657522202   0.017070962116122  -0.024465050548315
       0.005679923575372   0.000103007580037   0.005056275986135  -0.000375279225409  -0.000378346507205
      -0.036218203604221   0.005637526512146   0.074771992862225  -0.013851383700967   0.039176244288683
      -0.138032451272011  -0.058987546712160  -1.815099120140076  -0.390684604644775  -0.432007998228073
      -0.343370676040649   0.009732620790601   1.710349678993225   0.268558651208878   0.460196197032928
      -0.145009368658066  -0.128265649080276  -0.823385357856750   0.076494693756104  -0.148198693990707
      -0.122788473963737   0.081726931035519   0.858353018760681  -0.154578432440758   0.032597083598375
       0.147301793098450   0.004856132436544  -0.344879269599915  -0.070144973695278  -0.009683229029179
      -0.195072993636131   0.028525659814477   0.447275668382645   0.098244234919548   0.105758488178253
       0.021367870271206  -0.002586148679256  -0.024094104766846   0.158498212695122   0.023194544017315
       0.025762647390366   0.033151321113110  -0.046063542366028  -0.181959807872772  -0.002627670764923];


    fit_coeffs(:,:,3) = [
       0.020925745368004   0.006981166079640  -0.008049908094108  -0.010502770543098   0.006382203660905
      -0.004368457011878  -0.000146657548612  -0.002234543440863  -0.001644175383262  -0.001084086718038
       0.011855470016599  -0.006522099953145   0.038125030696392   0.028445871546865   0.007422320079058
      -0.001751384581439  -0.000579689454753   0.000675490824506   0.000863589288201  -0.000531735771801
       0.000364821520634   0.000012201016943   0.000185353797860   0.000136953283800   0.000090255132818
      -0.000986305414699   0.000540234846994  -0.003174511250108  -0.002350955037400  -0.000617856974714
      -0.078763239085674  -0.022974886000156   0.050692625343800  -0.002984671853483  -0.026561347767711
      -0.007394064217806   0.025214109569788  -0.076065212488174  -0.049574155360460   0.002174744382501
      -0.031350135803223  -0.003751184791327  -0.007287392858416  -0.028288532048464  -0.011809983290732
      -0.003704434726387   0.001084720250219   0.009358243085444  -0.012752247974277   0.001198365003802
       0.025535931810737   0.006477780174464   0.016036212444305   0.009771342389286   0.016278829425573
      -0.015698615461588  -0.005423158872873  -0.027225792407990  -0.003406106261536  -0.011709754355252
       0.004250351339579  -0.002633911091834  -0.004664903972298   0.005442412570119   0.000888388603926
       0.003976959735155   0.004003184381872   0.004941700026393   0.011990886181593   0.005955392494798];


    fit_coeffs(:,:,4) = [
       0.032774951308966  -0.001673042774200   0.003380743088201   0.009250472299755   0.001731444615871
      -0.005992678925395   0.000037866691855  -0.000353438837919  -0.001796182943508  -0.000870061398018
       0.017251355573535   0.000976189330686   0.000699281459674   0.005459690932184   0.008526770398021
      -0.002730917651206   0.000139766591019  -0.000281296321191  -0.000770844810177  -0.000144055273267
       0.000499416375533  -0.000003165205953   0.000029461894883   0.000149641404278   0.000072496928624
      -0.001438473118469  -0.000081510057498  -0.000058971138060  -0.000454373599496  -0.000710674794391
      -0.090407371520996  -0.010547497309744   0.006447737570852  -0.037139900028706  -0.028591476380825
      -0.012180734425783   0.010321580804884  -0.010842468589544  -0.017143839970231   0.005189592484385
      -0.021945666521788  -0.000974328257143  -0.010684977285564  -0.015494868159294  -0.012600725516677
      -0.010624310001731  -0.003193421522155   0.010059875436127  -0.013032707385719   0.001335210865363
       0.040052060037851   0.009120063856244   0.006317715626210   0.019882068037987   0.022901907563210
      -0.029132032766938  -0.006022982764989  -0.007915801368654  -0.005362528376281  -0.015631830319762
       0.014292715117335   0.004829773679376   0.001000006217510   0.009030675515532   0.006991328671575
      -0.006988003849983  -0.003515396267176   0.000818128231913   0.002653732895851   0.000882709398866];


    fit_coeffs(:,:,5) = [
       0.018944339826703   0.002641770988703   0.001446389709599   0.002586858347058  -0.000371821573935
      -0.004864839371294  -0.000293752760626  -0.000035517066863  -0.002695923903957  -0.001195199554786
       0.007031414192170   0.003558661555871  -0.001354124280624   0.015530714765191   0.009551230818033
      -0.001579807256348  -0.000219457171625  -0.000120628479635  -0.000215593827306   0.000030412164051
       0.000405430648243   0.000024412829589   0.000002967551609   0.000224611736485   0.000099587145087
      -0.000585349567700  -0.000296678859740   0.000112807072583  -0.001293899840675  -0.000795308093075
      -0.194048970937729  -0.069486923515797  -0.009798474609852  -0.097106941044331  -0.094256415963173
       0.046086981892586   0.032990131527185   0.002187130507082   0.001812959671952   0.027024609968066
      -0.050299819558859  -0.027541266754270  -0.011666807346046  -0.048112727701664  -0.036435071378946
       0.007282239850610   0.008009715937078   0.005590415559709   0.006367242895067   0.009111034683883
       0.054156821221113   0.032130312174559   0.010488552041352   0.041645027697086   0.042215976864100
      -0.017247816547751  -0.012942465953529  -0.003802296705544  -0.014294540509582  -0.017687346786261
       0.020054277032614   0.010811084881425   0.002501093782485   0.022602908313274   0.015310447663069
      -0.011462897062302  -0.000707525759935   0.003233494237065  -0.007533237338066  -0.003099113702774];
